ACTINV-RESULT 1
n 3822 pruned 3822 steps 4 ms_total 31.5708 ms_per_step_max 10.8050
step 1 t 3.15576000000000000e7 k 30
345 -2.59916408439276841e-31
367 -2.23528108673210328e-30
368 -1.09099826813410718e-27
392 -5.25491651149569355e-28
393 6.71543929830779807e-26
394 -9.35699014272793117e-30
395 -5.20703830775534575e-27
415 -6.52314929164030862e-27
416 7.31989671114006520e-25
417 -3.89874510651746801e-29
418 -6.44682648530411829e-26
419 3.49143339896967065e-23
441 -1.42972123910875241e-26
442 2.07245816659568780e-24
443 -1.29437470491101671e-27
444 -3.24329304078346649e-25
445 3.77074746154424125e-23
465 8.15418576848245709e-6
466 1.14819831798644814e-4
467 8.42075239528197115e-8
468 5.55148250792483702e-17
469 6.22007326776410315e-20
470 -5.12585528850486759e-27
493 1.83021355476064014e-7
494 4.47466680627600871e-4
495 1.25658820906889599e-7
496 -2.07454101681656698e-26
524 1.23271531139434293e-3
525 9.98192226079663847e-1
526 4.22502304664116090e-6
step 2 t 3.16440000000000000e7 k 30
345 -1.28167053668894468e-29
367 -1.10211701948293774e-28
368 -2.37964418912197313e-25
392 2.35119723482709439e-24
393 1.00629573539427327e-23
394 -4.61141659322001082e-28
395 -1.13578287680766930e-24
415 2.84650389761813715e-23
416 1.10674561069494467e-22
417 -1.91778362111369134e-27
418 -1.40687640394067851e-23
419 -1.25026497018087232e-30
441 5.81168621631951691e-23
442 3.20560968872102276e-22
443 -5.96529683659431673e-26
444 -7.09468245355004274e-23
445 -1.35040751220814882e-30
465 8.15418576848245540e-6
466 1.14819831798644814e-4
467 8.46136125438983193e-8
468 -2.47843399812134811e-21
469 -2.55359991853831255e-27
470 1.23398849570164432e-25
493 1.82615266884985406e-7
494 4.48318924275165206e-4
495 1.98481267277927914e-10
496 4.76704902483580249e-25
524 1.23186306774683411e-3
525 9.98192351540003964e-1
526 4.22502304664116429e-6
step 3 t 6.31152000000000000e7 k 30
345 -3.93829781620764956e-32
367 -3.38693503022176616e-31
368 2.34738838440152566e-27
392 -1.36255030995333339e-27
393 5.91055514884311641e-26
394 -1.41778484382305838e-30
395 1.12034457603338279e-26
415 -1.69524513740751517e-26
416 6.44251302232446408e-25
417 -5.90740363720149917e-30
418 1.38709512164134011e-25
419 -3.40921204433432997e-23
441 -3.73430290427207488e-26
442 1.82400589526879954e-24
443 -1.96089192605159868e-28
444 6.97820195062460030e-25
445 -3.68194933648295027e-23
465 8.15418576848245540e-6
466 1.14819831798644814e-4
467 1.85917650922813132e-7
468 2.23926492891890201e-23
469 -6.07611109973132995e-20
470 -6.46787102934473957e-28
493 8.13112285060706729e-8
494 7.22639675356644053e-4
495 -1.58888044539384671e-18
496 -2.61745906241893916e-27
524 9.57542316665355967e-4
525 9.98192351738485528e-1
526 4.22502304664116429e-6
step 4 t 3.18731760000000000e9 k 30
345 -1.36853713362043574e-33
367 -1.17694193538202919e-32
368 4.15358139372568765e-29
392 5.61524588437534869e-29
393 -2.50219962215757141e-28
394 -4.92673369120326578e-32
395 1.98239112315716426e-28
415 6.98481135906120932e-28
416 -2.72739848101599476e-27
417 -2.05280571891928501e-31
418 2.45438906211584959e-27
419 9.02140935116362977e-26
441 1.53788786850719683e-27
442 -7.72179771872541115e-27
443 -6.81531655764531440e-30
444 1.23474663025475827e-26
445 9.74312208618911399e-26
465 8.15418576848245540e-6
466 1.14819831798644828e-4
467 2.67228879428883858e-7
468 3.96139804679132569e-25
469 1.60761158658851883e-22
470 -2.84051401943117457e-29
493 1.63389093299299734e-23
494 1.68018199200880539e-3
495 4.18750561828695112e-21
496 -1.14966515867237887e-28
524 1.31942895471953007e-14
525 9.98192351738485528e-1
526 4.22502304664116683e-6
