ACTINV-RESULT 1
n 3822 pruned 10 steps 4 ms_total 0.1045 ms_per_step_max 0.0390
step 1 t 3.15576000000000000e7 k 10
465 8.15418576848245540e-6
466 1.14819831798644733e-4
467 8.42075239528196850e-8
468 5.55148213184479653e-17
493 1.83021355476063908e-7
494 4.47466680627600817e-4
495 1.25658820904356864e-7
524 1.23271531139434250e-3
525 9.98192226079663625e-1
526 4.22502304664115921e-6
step 2 t 3.16440000000000000e7 k 10
465 8.15418576848245540e-6
466 1.14819831798644679e-4
467 8.46136125438982532e-8
468 -3.54367029138118246e-21
493 1.82615266884985406e-7
494 4.48318924275165423e-4
495 1.98481267273824995e-10
524 1.23186306774683368e-3
525 9.98192351540003853e-1
526 4.22502304664116090e-6
step 3 t 6.31152000000000000e7 k 10
465 8.15418576848245540e-6
466 1.14819831798644679e-4
467 1.85917650922813132e-7
468 -2.82783692383909311e-23
493 8.13112285060706729e-8
494 7.22639675356644053e-4
495 -4.15701222822545184e-19
524 9.57542316665355099e-4
525 9.98192351738485528e-1
526 4.22502304664116344e-6
step 4 t 3.18731760000000000e9 k 10
465 8.15418576848245540e-6
466 1.14819831798644679e-4
467 2.67228879428883805e-7
468 -1.50384891596070018e-25
493 1.63389093299299734e-23
494 1.68018199200880495e-3
495 6.22576525839245210e-21
524 1.31942895471953007e-14
525 9.98192351738485750e-1
526 4.22502304664116599e-6
